Well 56A
4
x
y
z
slowness
327860 4407556 0 0.00066181336863
327860 4407556 -1 0.00066181336863
327860 4407556 -2 0.00066181336863
327860 4407556 -3 0.00066181336863
327860 4407556 -4 0.00066181336863
327860 4407556 -5 0.00066181336863
327860 4407556 -6 0.00066181336863
327860 4407556 -7 0.00066181336863
327860 4407556 -8 0.00066181336863
327860 4407556 -9 0.00066181336863
327860 4407556 -10 0.00066181336863
327860 4407556 -11 0.00066181336863
327860 4407556 -12 0.00066181336863
327860 4407556 -13 0.00066181336863
327860 4407556 -14 0.00066181336863
327860 4407556 -15 0.00066181336863
327860 4407556 -16 0.00066181336863
327860 4407556 -17 0.00066181336863
327860 4407556 -18 0.00066181336863
327860 4407556 -19 0.00066181336863
327860 4407556 -20 0.00066181336863
327860 4407556 -21 0.00066181336863
327860 4407556 -22 0.00066181336863
327860 4407556 -23 0.00066181336863
327860 4407556 -24 0.00066181336863
327860 4407556 -25 0.00066181336863
327860 4407556 -26 0.000573807362284
327860 4407556 -27 0.000573807362284
327860 4407556 -28 0.000573807362284
327860 4407556 -29 0.000573807362284
327860 4407556 -30 0.000573807362284
327860 4407556 -31 0.000573807362284
327860 4407556 -32 0.000573807362284
327860 4407556 -33 0.000573807362284
327860 4407556 -34 0.000573807362284
327860 4407556 -35 0.000573807362284
327860 4407556 -36 0.000573807362284
327860 4407556 -37 0.000573807362284
327860 4407556 -38 0.000573807362284
327860 4407556 -39 0.000573807362284
327860 4407556 -40 0.000573807362284
327860 4407556 -41 0.000573807362284
327860 4407556 -42 0.000573807362284
327860 4407556 -43 0.000573807362284
327860 4407556 -44 0.000573807362284
327860 4407556 -45 0.000573807362284
327860 4407556 -46 0.000573807362284
327860 4407556 -47 0.000573807362284
327860 4407556 -48 0.000573807362284
327860 4407556 -49 0.000573807362284
327860 4407556 -50 0.000573807362284
327860 4407556 -51 0.000573807362284
327860 4407556 -52 0.000573807362284
327860 4407556 -53 0.000573807362284
327860 4407556 -54 0.000573807362284
327860 4407556 -55 0.000573807362284
327860 4407556 -56 0.000573807362284
327860 4407556 -57 0.000573807362284
327860 4407556 -58 0.000573807362284
327860 4407556 -59 0.000573807362284
327860 4407556 -60 0.000573807362284
327860 4407556 -61 0.000573807362284
327860 4407556 -62 0.000573807362284
327860 4407556 -63 0.000573807362284
327860 4407556 -64 0.000573807362284
327860 4407556 -65 0.000573807362284
327860 4407556 -66 0.000573807362284
327860 4407556 -67 0.000573807362284
327860 4407556 -68 0.000573807362284
327860 4407556 -69 0.000573807362284
327860 4407556 -70 0.000573807362284
327860 4407556 -71 0.000573807362284
327860 4407556 -72 0.000573807362284
327860 4407556 -73 0.000573807362284
327860 4407556 -74 0.000573807362284
327860 4407556 -75 0.000573807362284
327860 4407556 -76 0.000573807362284
327860 4407556 -77 0.000573807362284
327860 4407556 -78 0.000573807362284
327860 4407556 -79 0.000573807362284
327860 4407556 -80 0.000573807362284
327860 4407556 -81 0.000573807362284
327860 4407556 -82 0.000397795349592
327860 4407556 -83 0.000397795349592
327860 4407556 -84 0.000397795349592
327860 4407556 -85 0.000397795349592
327860 4407556 -86 0.000397795349592
327860 4407556 -87 0.000397795349592
327860 4407556 -88 0.000397795349592
327860 4407556 -89 0.000397795349592
327860 4407556 -90 0.000397795349592
327860 4407556 -91 0.000397795349592
327860 4407556 -92 0.000397795349592
327860 4407556 -93 0.000397795349592
327860 4407556 -94 0.000397795349592
327860 4407556 -95 0.000397795349592
327860 4407556 -96 0.000397795349592
327860 4407556 -97 0.000397795349592
327860 4407556 -98 0.000397795349592
327860 4407556 -99 0.000397795349592
327860 4407556 -100 0.000397795349592
327860 4407556 -101 0.000397795349592
327860 4407556 -102 0.000397795349592
327860 4407556 -103 0.000397795349592
327860 4407556 -104 0.000397795349592
327860 4407556 -105 0.000397795349592
327860 4407556 -106 0.000397795349592
327860 4407556 -107 0.000397795349592
327860 4407556 -108 0.000397795349592
327860 4407556 -109 0.000397795349592
327860 4407556 -110 0.000397795349592
327860 4407556 -111 0.000397795349592
327860 4407556 -112 0.000397795349592
327860 4407556 -113 0.000397795349592
327860 4407556 -114 0.000397795349592
327860 4407556 -115 0.000397795349592
327860 4407556 -116 0.000397795349592
327860 4407556 -117 0.000397795349592
327860 4407556 -118 0.000397795349592
327860 4407556 -119 0.000397795349592
327860 4407556 -120 0.000397795349592
327860 4407556 -121 0.000397795349592
327860 4407556 -122 0.000397795349592
327860 4407556 -123 0.000397795349592
327860 4407556 -124 0.000397795349592
327860 4407556 -125 0.000397795349592
327860 4407556 -126 0.000397795349592
327860 4407556 -127 0.000397795349592
327860 4407556 -128 0.000397795349592
327860 4407556 -129 0.000397795349592
327860 4407556 -130 0.000485801355938
327860 4407556 -131 0.000485801355938
327860 4407556 -132 0.000485801355938
327860 4407556 -133 0.000485801355938
327860 4407556 -134 0.000485801355938
327860 4407556 -135 0.000485801355938
327860 4407556 -136 0.000485801355938
327860 4407556 -137 0.000485801355938
327860 4407556 -138 0.000485801355938
327860 4407556 -139 0.000485801355938
327860 4407556 -140 0.000485801355938
327860 4407556 -141 0.000485801355938
327860 4407556 -142 0.000485801355938
327860 4407556 -143 0.000485801355938
327860 4407556 -144 0.000485801355938
327860 4407556 -145 0.000485801355938
327860 4407556 -146 0.000485801355938
327860 4407556 -147 0.000485801355938
327860 4407556 -148 0.000485801355938
327860 4407556 -149 0.000485801355938
327860 4407556 -150 0.000485801355938
327860 4407556 -151 0.000485801355938
327860 4407556 -152 0.000485801355938
327860 4407556 -153 0.000485801355938
327860 4407556 -154 0.000485801355938
327860 4407556 -155 0.000485801355938
327860 4407556 -156 0.000485801355938
327860 4407556 -157 0.000485801355938
327860 4407556 -158 0.000485801355938
327860 4407556 -159 0.000485801355938
327860 4407556 -160 0.000485801355938
327860 4407556 -161 0.000485801355938
327860 4407556 -162 0.000485801355938
327860 4407556 -163 0.000485801355938
327860 4407556 -164 0.000485801355938
327860 4407556 -165 0.000485801355938
327860 4407556 -166 0.000485801355938
327860 4407556 -167 0.000485801355938
327860 4407556 -168 0.000485801355938
327860 4407556 -169 0.000485801355938
327860 4407556 -170 0.000485801355938
327860 4407556 -171 0.000485801355938
327860 4407556 -172 0.000485801355938
327860 4407556 -173 0.000485801355938
327860 4407556 -174 0.000485801355938
327860 4407556 -175 0.000485801355938
327860 4407556 -176 0.000485801355938
327860 4407556 -177 0.000485801355938
327860 4407556 -178 0.000485801355938
327860 4407556 -179 0.000485801355938
327860 4407556 -180 0.000485801355938
327860 4407556 -181 0.000485801355938
327860 4407556 -182 0.000485801355938
327860 4407556 -183 0.000485801355938
327860 4407556 -184 0.000485801355938
327860 4407556 -185 0.000485801355938
327860 4407556 -186 0.000485801355938
327860 4407556 -187 0.000485801355938
327860 4407556 -188 0.000485801355938
327860 4407556 -189 0.000485801355938
327860 4407556 -190 0.000485801355938
327860 4407556 -191 0.000485801355938
327860 4407556 -192 0.000397795349592
327860 4407556 -193 0.000397795349592
327860 4407556 -194 0.000397795349592
327860 4407556 -195 0.000397795349592
327860 4407556 -196 0.000397795349592
327860 4407556 -197 0.000397795349592
327860 4407556 -198 0.000397795349592
327860 4407556 -199 0.000397795349592
327860 4407556 -200 0.000397795349592
327860 4407556 -201 0.000397795349592
327860 4407556 -202 0.000397795349592
327860 4407556 -203 0.000397795349592
327860 4407556 -204 0.000397795349592
327860 4407556 -205 0.000397795349592
327860 4407556 -206 0.000397795349592
327860 4407556 -207 0.000397795349592
327860 4407556 -208 0.000397795349592
327860 4407556 -209 0.000397795349592
327860 4407556 -210 0.000397795349592
327860 4407556 -211 0.000397795349592
327860 4407556 -212 0.000397795349592
327860 4407556 -213 0.000397795349592
327860 4407556 -214 0.000397795349592
327860 4407556 -215 0.000397795349592
327860 4407556 -216 0.000397795349592
327860 4407556 -217 0.000397795349592
327860 4407556 -218 0.000397795349592
327860 4407556 -219 0.000397795349592
327860 4407556 -220 0.000397795349592
327860 4407556 -221 0.000397795349592
327860 4407556 -222 0.000397795349592
327860 4407556 -223 0.000397795349592
327860 4407556 -224 0.000397795349592
327860 4407556 -225 0.000397795349592
327860 4407556 -226 0.000397795349592
327860 4407556 -227 0.000397795349592
327860 4407556 -228 0.000397795349592
327860 4407556 -229 0.000397795349592
327860 4407556 -230 0.000397795349592
327860 4407556 -231 0.000397795349592
327860 4407556 -232 0.000397795349592
327860 4407556 -233 0.000397795349592
327860 4407556 -234 0.000397795349592
327860 4407556 -235 0.000397795349592
327860 4407556 -236 0.000397795349592
327860 4407556 -237 0.000397795349592
327860 4407556 -238 0.000397795349592
327860 4407556 -239 0.000397795349592
327860 4407556 -240 0.000485801355938
327860 4407556 -241 0.000485801355938
327860 4407556 -242 0.000485801355938
327860 4407556 -243 0.000485801355938
327860 4407556 -244 0.000485801355938
327860 4407556 -245 0.000485801355938
327860 4407556 -246 0.000485801355938
327860 4407556 -247 0.000485801355938
327860 4407556 -248 0.000485801355938
327860 4407556 -249 0.000485801355938
327860 4407556 -250 0.000485801355938
327860 4407556 -251 0.000485801355938
327860 4407556 -252 0.000485801355938
327860 4407556 -253 0.000485801355938
327860 4407556 -254 0.000485801355938
327860 4407556 -255 0.000485801355938
327860 4407556 -256 0.000485801355938
327860 4407556 -257 0.000485801355938
327860 4407556 -258 0.000485801355938
327860 4407556 -259 0.000485801355938
327860 4407556 -260 0.000485801355938
327860 4407556 -261 0.000485801355938
327860 4407556 -262 0.000485801355938
327860 4407556 -263 0.000485801355938
327860 4407556 -264 0.000485801355938
327860 4407556 -265 0.000485801355938
327860 4407556 -266 0.000485801355938
327860 4407556 -267 0.000485801355938
327860 4407556 -268 0.000485801355938
327860 4407556 -269 0.000485801355938
327860 4407556 -270 0.000485801355938
327860 4407556 -271 0.000485801355938
327860 4407556 -272 0.000485801355938
327860 4407556 -273 0.000485801355938
327860 4407556 -274 0.000397795349592
327860 4407556 -275 0.000397795349592
327860 4407556 -276 0.000397795349592
327860 4407556 -277 0.000397795349592
327860 4407556 -278 0.000397795349592
327860 4407556 -279 0.000397795349592
327860 4407556 -280 0.000397795349592
327860 4407556 -281 0.000397795349592
327860 4407556 -282 0.000397795349592
327860 4407556 -283 0.000397795349592
327860 4407556 -284 0.000397795349592
327860 4407556 -285 0.000397795349592
327860 4407556 -286 0.000397795349592
327860 4407556 -287 0.000397795349592
327860 4407556 -288 0.000397795349592
327860 4407556 -289 0.000397795349592
327860 4407556 -290 0.000397795349592
327860 4407556 -291 0.000397795349592
327860 4407556 -292 0.000397795349592
327860 4407556 -293 0.000397795349592
327860 4407556 -294 0.000397795349592
327860 4407556 -295 0.000397795349592
327860 4407556 -296 0.000397795349592
327860 4407556 -297 0.000397795349592
327860 4407556 -298 0.000485801355938
327860 4407556 -299 0.000485801355938
327860 4407556 -300 0.000485801355938
327860 4407556 -301 0.000485801355938
327860 4407556 -302 0.000485801355938
327860 4407556 -303 0.000485801355938
327860 4407556 -304 0.000485801355938
327860 4407556 -305 0.000485801355938
327860 4407556 -306 0.000485801355938
327860 4407556 -307 0.000485801355938
327860 4407556 -308 0.000485801355938
327860 4407556 -309 0.000485801355938
327860 4407556 -310 0.000485801355938
327860 4407556 -311 0.000309789343247
327860 4407556 -312 0.000309789343247
327860 4407556 -313 0.000309789343247
327860 4407556 -314 0.000309789343247
327860 4407556 -315 0.000309789343247
327860 4407556 -316 0.000309789343247
327860 4407556 -317 0.000309789343247
327860 4407556 -318 0.000309789343247
327860 4407556 -319 0.000309789343247
327860 4407556 -320 0.000309789343247
327860 4407556 -321 0.000309789343247
327860 4407556 -322 0.000309789343247
327860 4407556 -323 0.000309789343247
327860 4407556 -324 0.000309789343247
327860 4407556 -325 0.000309789343247
327860 4407556 -326 0.000309789343247
327860 4407556 -327 0.000309789343247
327860 4407556 -328 0.000309789343247
327860 4407556 -329 0.000309789343247
327860 4407556 -330 0.000309789343247
327860 4407556 -331 0.000309789343247
327860 4407556 -332 0.000309789343247
327860 4407556 -333 0.000309789343247
327860 4407556 -334 0.000309789343247
327860 4407556 -335 0.000309789343247
327860 4407556 -336 0.000309789343247
327860 4407556 -337 0.000309789343247
327860 4407556 -338 0.000309789343247
327860 4407556 -339 0.000309789343247
327860 4407556 -340 0.000309789343247
327860 4407556 -341 0.000309789343247
327860 4407556 -342 0.000309789343247
327860 4407556 -343 0.000309789343247
327860 4407556 -344 0.000309789343247
327860 4407556 -345 0.000309789343247
327860 4407556 -346 0.000309789343247
327860 4407556 -347 0.000309789343247
327860 4407556 -348 0.000309789343247
327860 4407556 -349 0.000309789343247
