x_150-350__shot 30124
0.123295221
0.123685828
0.124076435
0.124467041
0.124857648
0.125248254
0.125638861
0.126029468
0.126420074
0.126810681
0.127201288
0.127591894
0.127982501
0.128373108
0.128763714
0.129154321
0.129544927
0.129935534
0.130326141
0.130716747
0.131107354
0.131497961
0.131888567
0.132279174
0.132669781
0.133060387
0.133450994
0.1338416
0.134232207
0.134622814
0.13501342
0.135404027
0.135794634
0.13618524
0.136575847
0.136966453
0.13735706
0.137747667
0.138138273
0.13852888
0.138919487
0.139310093
0.1397007
0.140091307
0.140481913
0.14087252
0.141263126
0.141653733
0.14204434
0.142434946
0.142825553
0.14321616
0.143606766
0.143997373
0.14438798
0.144778586
0.145169193
0.145559799
0.145950406
0.146341013
0.146731619
0.147122226
0.147512833
0.147903439
0.148294046
0.148684653
0.149075259
0.149465866
0.149856472
0.150247079
0.150637686
0.151028292
0.151418899
0.151809506
0.152200112
0.152590719
0.152981326
0.153371932
0.153762539
0.154153145
0.154543752
0.154934359
0.155324965
0.155715572
0.156106179
0.156496785
0.156887392
0.157277999
0.157668605
0.158059212
0.158449818
0.158840425
0.159231032
0.159621638
0.160012245
0.160402852
0.160793458
0.161184065
0.161574672
0.161965278
0.162355885
0.162746491
0.163137098
0.163527705
0.163918311
0.164308918
0.164699525
0.165090131
0.165480738
0.165871345
0.166261951
0.166652558
0.167043164
0.167433771
0.167824378
0.168214984
0.168605591
0.168996198
0.169386804
0.169777411
0.170168018
0.170558624
0.170949231
0.171339837
0.171730444
0.172121051
0.172511657
0.172902264
0.173292871
0.173683477
0.174074084
0.174464691
0.174855297
0.175245904
0.17563651
0.176027117
0.176417724
0.17680833
0.177198937
0.177589544
0.17798015
0.178370757
0.178761364
0.17915197
0.179542577
0.179933183
0.18032379
0.180714397
0.181105003
0.18149561
0.181886217
0.182276823
0.18266743
0.183058037
0.183448643
0.18383925
0.184229856
0.184620463
0.18501107
0.185401676
0.185792283
0.18618289
0.186573496
0.186964103
0.18735471
0.187745316
0.188135923
0.188526529
0.188917136
0.189307743
0.189698349
0.190088956
0.190479563
0.190870169
0.191260776
0.191651382
0.192041989
0.192432596
0.192823202
0.193213809
0.193604416
0.193995022
0.194385629
0.194776236
0.195166842
0.195557449
0.195948055
0.196338662
0.196729269
0.197119875
0.197510482
0.197901089
0.198291695
0.198682302
0.199072909
0.199463515
0.199854122
0.200244728
0.200635335
0.201025942
